double MCShape_lossShape[]={
0 ,
0 ,
0 ,
0 ,
0.00218163 ,
0.0121333 ,
0.0350131 ,
0.0748933 ,
0.134113 ,
0.212873 ,
0.309122 ,
0.418725 ,
0.536093 ,
0.655211 ,
0.770828 ,
0.879685 ,
0.981457 ,
1.07909 ,
1.17862 ,
1.2886 ,
1.41898 ,
1.5797 ,
1.77914 ,
2.02243 ,
2.31015 ,
2.63774 ,
2.99571 ,
3.37037 ,
3.74527 ,
4.1034 ,
4.4297 ,
4.71373 ,
4.95149 ,
5.1461 ,
5.30794 ,
5.45426 ,
5.60712 ,
5.78992 ,
6.0237 ,
6.3241 ,
6.70017 ,
7.15474 ,
7.68484 ,
8.28276 ,
8.93843 ,
9.64165 ,
10.3834 ,
11.1558 ,
11.9515 ,
12.7624 ,
13.5786 ,
14.3895 ,
15.186 ,
15.964 ,
16.725 ,
17.4784 ,
18.2453 ,
19.0576 ,
19.9523 ,
20.9652 ,
22.122 ,
23.4324 ,
24.8876 ,
26.4594 ,
28.0996 ,
29.7453 ,
31.3282 ,
32.785 ,
34.0678 ,
35.1493 ,
36.0236 ,
36.7055 ,
37.2281 ,
37.638 ,
37.987 ,
38.3248 ,
38.6936 ,
39.1242 ,
39.6348 ,
40.2316 ,
40.9086 ,
41.6488 ,
42.4267 ,
43.2104 ,
43.9639 ,
44.6506 ,
45.235 ,
45.6851 ,
45.9816 ,
46.1185 ,
46.0653 ,
45.9028 ,
45.8449 ,
45.9625 ,
46.2198 ,
46.6013 ,
47.0785 ,
47.6261 ,
48.224 ,
48.8506 ,
49.4818 ,
50.091 ,
50.6486 ,
51.1244 ,
51.4897 ,
51.7212 ,
51.8049 ,
51.7369 ,
51.5272 ,
51.2089 ,
50.8224 ,
50.4408 ,
50.189 ,
50.1536 ,
50.4299 ,
51.1344 ,
52.2748 ,
53.7956 ,
55.6075 ,
57.5779 ,
59.5747 ,
61.4672 ,
63.1277 ,
64.4394 ,
65.3065 ,
65.6714 ,
65.5175 ,
64.8578 ,
63.745 ,
62.2816 ,
60.6093 ,
58.8953 ,
57.3139 ,
56.026 ,
55.1555 ,
54.7361 ,
54.7172 ,
55.0635 ,
55.7364 ,
56.6236 ,
57.5754 ,
58.4547 ,
59.1565 ,
59.6169 ,
59.8102 ,
59.7336 ,
59.4206 ,
59.0101 ,
58.7142 ,
58.6634 ,
58.9998 ,
59.8963 ,
61.3604 ,
63.3105 ,
65.6226 ,
68.1213 ,
70.6484 ,
73.068 ,
75.2655 ,
77.1489 ,
78.6514 ,
79.7344 ,
80.3893 ,
80.6825 ,
80.7352 ,
80.6059 ,
80.3251 ,
80.0379 ,
79.9469 ,
80.1403 ,
80.6407 ,
81.5043 ,
82.7828 ,
84.4938 ,
86.6188 ,
89.1063 ,
91.8796 ,
94.8509 ,
97.9367 ,
101.074 ,
104.231 ,
107.409 ,
110.646 ,
114.01 ,
117.589 ,
121.481 ,
125.773 ,
130.534 ,
135.809 ,
141.618 ,
147.955 ,
154.797 ,
162.117 ,
169.896 ,
178.129 ,
186.822 ,
195.994 ,
205.664 ,
215.841 ,
226.525 ,
237.7 ,
249.323 ,
261.332 ,
273.654 ,
286.219 ,
298.974 ,
311.901 ,
325.015 ,
338.376 ,
352.091 ,
366.319 ,
381.246 ,
397.064 ,
413.937 ,
431.965 ,
451.152 ,
471.393 ,
492.484 ,
514.13 ,
535.984 ,
557.691 ,
578.938 ,
599.5 ,
619.274 ,
638.285 ,
656.685 ,
674.729 ,
692.729 ,
710.999 ,
729.793 ,
749.258 ,
769.414 ,
790.144 ,
811.208 ,
832.273 ,
852.961 ,
872.908 ,
891.809 ,
909.454 ,
925.754 ,
940.737 ,
954.543 ,
967.387 ,
979.518 ,
991.18 ,
1002.58 ,
1013.84 ,
1025.04 ,
1036.12 ,
1047 ,
1057.49 ,
1067.42 ,
1076.59 ,
1084.84 ,
1092.09 ,
1098.26 ,
1103.39 ,
1107.55 ,
1110.84 ,
1113.38 ,
1115.27 ,
1116.6 ,
1117.41 ,
1117.69 ,
1117.43 ,
1116.56 ,
1114.96 ,
1112.5 ,
1109.13 ,
1104.86 ,
1099.75 ,
1093.92 ,
1087.59 ,
1080.99 ,
1074.39 ,
1067.99 ,
1061.98 ,
1056.4 ,
1051.22 ,
1046.3 ,
1041.38 ,
1036.18 ,
1030.38 ,
1023.74 ,
1016.11 ,
1007.47 ,
997.98 ,
987.915 ,
977.661 ,
967.65 ,
958.302 ,
949.965 ,
942.878 ,
937.141 ,
932.72 ,
929.455 ,
927.104 ,
925.394 ,
924.055 ,
922.856 ,
921.619 ,
920.218 ,
918.571 ,
916.619 ,
914.303 ,
911.553 ,
908.277 ,
904.377 ,
899.767 ,
894.422 ,
888.392 ,
881.808 ,
874.878 ,
867.883 ,
861.156 ,
855.041 ,
849.884 ,
845.989 ,
843.496 ,
842.386 ,
842.859 ,
844.224 ,
844.699 ,
843.699 ,
841.538 ,
838.388 ,
834.573 ,
830.486 ,
826.569 ,
823.302 ,
821.125 ,
820.32 ,
820.972 ,
823.068 ,
826.489 ,
830.908 ,
835.857 ,
840.837 ,
845.408 ,
849.247 ,
852.187 ,
854.201 ,
855.399 ,
856.014 ,
856.361 ,
856.79 ,
857.638 ,
859.177 ,
861.58 ,
864.89 ,
869.008 ,
873.701 ,
878.623 ,
883.376 ,
887.573 ,
890.922 ,
893.274 ,
894.647 ,
895.138 ,
894.768 ,
893.888 ,
893.246 ,
893.16 ,
893.869 ,
895.768 ,
898.826 ,
902.899 ,
907.866 ,
913.471 ,
919.44 ,
925.514 ,
931.485 ,
937.209 ,
942.606 ,
947.639 ,
952.278 ,
956.476 ,
960.157 ,
963.199 ,
965.293 ,
966.008 ,
965.142 ,
962.625 ,
958.326 ,
952.205 ,
944.42 ,
935.318 ,
925.393 ,
915.207 ,
905.298 ,
896.11 ,
887.939 ,
880.907 ,
874.965 ,
869.903 ,
865.406 ,
861.1 ,
856.595 ,
851.523 ,
845.56 ,
838.438 ,
829.95 ,
819.949 ,
808.341 ,
795.085 ,
780.19 ,
763.723 ,
745.81 ,
726.646 ,
706.489 ,
685.645 ,
664.443 ,
643.2 ,
622.186 ,
601.591 ,
581.502 ,
561.901 ,
542.672 ,
523.63 ,
504.562 ,
485.271 ,
465.621 ,
445.561 ,
425.142 ,
404.508 ,
383.879 ,
363.517 ,
343.691 ,
324.64 ,
306.538 ,
289.476 ,
273.466 ,
258.44 ,
244.257 ,
230.728 ,
217.647 ,
204.824 ,
192.117 ,
179.455 ,
166.84 ,
154.347 ,
142.123 ,
130.357 ,
119.257 ,
109.01 ,
99.7548 ,
91.5625 ,
84.428 ,
78.2725 ,
72.9497 ,
68.2658 ,
64.0071 ,
59.9682 ,
55.9777 ,
51.9162 ,
47.7259 ,
43.4128 ,
39.0398 ,
34.7089 ,
30.5396 ,
26.6491 ,
23.136 ,
20.0675 ,
17.4736 ,
15.3449 ,
13.6372 ,
12.2809 ,
11.193 ,
10.2887 ,
9.49124 ,
8.74015 ,
7.99752 ,
7.24738 ,
6.48952 ,
5.73566 ,
5.00701 ,
4.32796 ,
3.7194 ,
3.19498 ,
2.75982 ,
2.41059 ,
2.13688 ,
1.92445 ,
1.75801 ,
1.62305 ,
1.50716 ,
1.40087 ,
1.29768 ,
1.19367 ,
1.08683 ,
0.976467 ,
0.863027 ,
0.747892 ,
0.633031 ,
0.520826 ,
0.414048 ,
0.315671 ,
0.228564 ,
0.155084 ,
0.0966869 ,
0.0536644 ,
0.0250584 ,
0.00873314 ,
0.00160585 ,
0 ,
0 ,
0 ,
0 ,
0 ,
0 ,
0 ,
0 ,
0 ,
0 ,
0 ,
0 ,
0 ,
0 ,
0 ,
0 ,
0 ,
0 ,
0 ,
0 ,
0 ,
0 ,
0 ,
0 ,
0 ,
0 ,
0 ,
0 ,
0 ,
0 ,
0 ,
0 ,
0 ,
0 ,
0 ,
0 ,
0 ,
0 ,
0 ,
0 ,
0 ,
0 ,
0 ,
0 ,
0 ,
0 ,
0 ,
0 ,
0 ,
0 ,
0 ,
0 ,
0 ,
0 ,
0 ,
0 ,
0 ,
0 ,
0 ,
0 ,
0 ,
0 ,
0 ,
0 ,
0 ,
0 ,
0 ,
0 ,
0 ,
0 ,
0 ,
0 ,
0 ,
0 ,
0 ,
0 ,
0 ,
0 ,
0 ,
0 ,
0 ,
0 ,
0 ,
0 ,
0 ,
0 ,
0 ,
0 ,
0 ,
0 ,
0 ,
0 ,
0 ,
0 ,
0 ,
0 ,
0 ,
0 ,
0 ,
0 ,
0 ,
0 ,
0 ,
0 ,
0 ,
0 ,
0 ,
0 ,
0 ,
0 ,
0 ,
0 ,
0 ,
0 ,
0 ,
0 ,
0 ,
0 ,
0 ,
0 ,
0 ,
0 ,
0 ,
0 ,
0 ,
0 ,
0 ,
0 ,
0 ,
0 ,
0 ,
0 ,
0 ,
0 ,
0 ,
0 ,
0 ,
0 ,
0 ,
0 ,
0 ,
0 ,
0 ,
0 ,
0 ,
0 ,
0 ,
0 ,
0 ,
0 ,
0 ,
0 ,
0 ,
0 ,
0 ,
0 ,
0 ,
0 ,
0 ,
0 ,
0 ,
0 ,
0 ,
0 ,
0 ,
0 ,
0 ,
0 ,
0 ,
0 ,
0 ,
0 ,
0 ,
0 ,
0 ,
0 ,
0 ,
0 ,
0 ,
0 ,
0 ,
0 ,
0 ,
0 ,
0 ,
0 ,
0 ,
0 ,
0 ,
0 ,
0 ,
0 ,
0 ,
0 ,
0 ,
0 ,
0 ,
0 ,
0 ,
0 ,
0 ,
0 ,
0 ,
0 ,
0 ,
0 ,
0 ,
0 ,
0 ,
0 ,
0 ,
0 ,
0 ,
0 ,
0 ,
0 ,
0 ,
0 ,
0 ,
0 ,
0 ,
0 ,
0 ,
0 ,
0 ,
0 ,
0 ,
0 ,
0 ,
0 ,
0 ,
0 ,
0 ,
0 ,
0 ,
0 ,
0 ,
0 ,
0 ,
0 ,
0 ,
0 ,
0 ,
0 ,
0 ,
0 ,
0 ,
0 ,
0 ,
0 ,
0 ,
0 ,
0 ,
0 ,
0 ,
0 ,
0 ,
0 ,
0 ,
0 ,
0 ,
0 ,
0 ,
0 ,
0 ,
0 ,
0 ,
0 ,
0 ,
0 ,
0 ,
0 ,
0 ,
0 ,
0 ,
0 ,
0 ,
0 ,
0 ,
0 ,
0 ,
0 ,
0 ,
0 ,
0 ,
0 ,
0 ,
0 ,
0 ,
0 ,
0 ,
0 ,
0 ,
0 ,
0 ,
0 ,
0 ,
0 ,
0 ,
0 ,
0 ,
0 ,
0 ,
0 ,
0 ,
0 ,
0 ,
0 ,
0 ,
0 ,
0 ,
0 ,
0 ,
0 ,
0 ,
0 ,
0 ,
0 ,
0 ,
0 ,
0 ,
0 ,
0 ,
0 ,
0 ,
0 ,
0 ,
0 ,
0 ,
0 ,
0 ,
0 ,
0 ,
0 ,
0 ,
0 ,
0 ,
0 ,
0 ,
0 ,
0 ,
0 ,
0 ,
0 ,
0 ,
0 ,
0 ,
0 ,
0 ,
0 ,
0 ,
0 ,
0 ,
0 ,
0 ,
0 ,
0 ,
0 ,
0 ,
0 ,
0 ,
0 ,
0 ,
0 ,
0 ,
0 ,
0 ,
0 ,
0 ,
0 ,
0 ,
0 ,
0 ,
0 ,
0 ,
0 ,
0 ,
0 ,
0 ,
0 ,
0 ,
0 ,
0 ,
0 ,
0 ,
0 ,
0 ,
0 ,
0 ,
0 ,
0 ,
0 ,
0 ,
0 ,
0 ,
0 ,
0 ,
0 ,
0 ,
0 ,
0 ,
0 ,
0 ,
0 ,
0 ,
0 ,
0 ,
0 ,
0 ,
0 ,
0 ,
0 ,
0 ,
0 ,
0 ,
0 ,
0 ,
0 ,
0 ,
0 ,
0 ,
0 ,
0 ,
0 ,
0 ,
0 ,
0 ,
0 ,
0 ,
0 ,
0 ,
0 ,
0 ,
0 ,
0 ,
0 ,
0 ,
0 ,
0 ,
0 ,
0 ,
0 ,
0 ,
0 ,
0 ,
0 ,
0 ,
0 ,
0 ,
0 ,
0 ,
0 ,
0 ,
0 ,
0 ,
0 ,
0 ,
0 ,
0 ,
0 ,
0 ,
0 ,
0 ,
0 ,
0 ,
0 ,
0 ,
0 ,
0 ,
0 ,
0 ,
0 ,
0 ,
0 ,
0 ,
0 ,
0 ,
0 ,
0 ,
0 ,
0 ,
0 ,
0 ,
0 ,
0 ,
0 ,
0 ,
0 ,
0 ,
0 ,
0 ,
0 ,
0 ,
0 ,
0 ,
0 ,
0 ,
0 ,
0 ,
0 ,
0 ,
0 ,
0 ,
0 ,
0 ,
0 ,
0 ,
0 ,
0 ,
0 ,
0 ,
0 ,
0 ,
0 ,
0 ,
0 ,
0 ,
0 ,
0 ,
0 ,
0 ,
0 ,
0 ,
0 ,
0 ,
0 ,
0 ,
0 ,
0 ,
0 ,
0 ,
0 ,
0 ,
0 ,
0 ,
0 ,
0 ,
0 ,
0 ,
0 ,
0 ,
0 ,
0 ,
0 ,
0 ,
0 ,
0 ,
0 ,
0 ,
0 ,
0 ,
0 ,
0 ,
0 ,
0 ,
0 ,
0 ,
0 ,
0 ,
0 ,
0 ,
0 ,
0 ,
0 ,
0 ,
0 ,
0 ,
0 ,
0 ,
0 ,
0 ,
0 ,
0 ,
0 ,
0 ,
0 ,
0 ,
0 ,
0 ,
0 ,
0 ,
0 ,
0 ,
0 ,
0 ,
0 ,
0 ,
0 ,
0 ,
0 ,
0 ,
0 ,
0 ,
0 ,
0 ,
0 ,
0 ,
0 ,
0 ,
0 ,
0 ,
0 ,
0 ,
0 ,
0 ,
0 ,
0 ,
0 ,
0 ,
0 ,
0 ,
0 ,
0 ,
0 ,
0 ,
0 ,
0 ,
0 ,
0 ,
0 ,
0 ,
0 ,
0 ,
0 ,
0 ,
0 ,
0 ,
0 ,
0 ,
0 ,
0 ,
0 ,
0 ,
0 ,
0 ,
0 ,
0 ,
0 ,
0 ,
0 ,
0 ,
0 ,
0 ,
0 ,
0 ,
0 ,
0 ,
0 ,
0 ,
0 ,
0 ,
0 ,
0 ,
0 ,
0 ,
0 ,
0 ,
0 ,
0 ,
0 ,
0 ,
0 ,
0 ,
0 ,
0 ,
0 ,
0 ,
0 ,
0 ,
0 ,
0 ,
0 ,
0 ,
0 ,
0 ,
0 ,
0 ,
0 ,
0 ,
0 ,
0 ,
0 ,
0 ,
0 ,
0 ,
0 ,
0 ,
0 ,
0 ,
0 ,
0 ,
0 ,
0 ,
0 ,
0 ,
0 ,
0 ,
0 ,
0 ,
0 ,
0 ,
0 ,
0 ,
0 ,
0 ,
0 ,
0 ,
0 ,
0 ,
0 ,
0 ,
0 ,
0 ,
0 ,
0 ,
0 ,
0 ,
0 ,
0 ,
0 ,
0 ,
0 ,
0 ,
0 ,
0 ,
0 ,
0 ,
0 ,
0 ,
0 ,
0 ,
0 ,
0 ,
0 ,
0 ,
0 ,
0 ,
0 ,
0 ,
0 ,
0 ,
0 ,
0 ,
0 ,
0 ,
0 ,
0 ,
0 ,
0 ,
0 ,
0 ,
0 ,
0 ,
0 ,
0 ,
0 ,
0 ,
0 ,
0 ,
0 ,
0 ,
0 ,
0 ,
0 ,
0 ,
0 ,
0 ,
0 ,
0 ,
0 ,
0 ,
0 ,
0 ,
0 ,
0 ,
0 ,
0 ,
0 ,
0 ,
0 ,
0 ,
0 ,
0 ,
0 ,
0 ,
0 ,
0 ,
0 ,
0 ,
0 ,
0 ,
0 ,
0 ,
0 ,
0 ,
0 ,
0 ,
0 ,
0 ,
0 ,
0 ,
0 ,
0 ,
0 ,
0 ,
0 ,
0 ,
0 ,
0 ,
0 ,
0 ,
0 ,
0 ,
0 ,
0 ,
0 ,
0 ,
0 ,
0 ,
0 ,
0 ,
0 ,
0 ,
0 ,
0 ,
0 ,
0 ,
0 ,
0 ,
0 ,
0 ,
0 ,
0 ,
0 ,
0 ,
0 ,
0 ,
0 ,
0 ,
0 ,
0 ,
0 ,
0 ,
0 ,
0 ,
0 ,
0 ,
0 ,
0 ,
0 ,
0 ,
0 ,
0 ,
0 ,
0 ,
0 ,
0 ,
0 ,
0 ,
0 ,
0 ,
0 ,
0 ,
0 ,
0 ,
0 ,
0 ,
0 ,
0 ,
0 ,
0 ,
0 ,
0 ,
0 ,
0 ,
0 ,
0 ,
0 ,
0 ,
0 ,
0 ,
0 ,
0 ,
0 ,
0 ,
0 ,
0 ,
0 ,
0 ,
0 ,
0 ,
0 ,
0 ,
0 ,
0 ,
0 ,
0 ,
0 ,
0 ,
0 ,
0 ,
0 ,
0 ,
0 ,
0 ,
0 ,
0 ,
0 ,
0 ,
0 ,
0 ,
0 ,
0 ,
0 ,
0 ,
0 ,
0 ,
0 ,
0 ,
0 ,
0 ,
0 ,
0 ,
0 ,
0 ,
0 ,
0 ,
0 ,
0 ,
0 ,
0 ,
0 ,
0 ,
0 ,
0 ,
0 ,
0 ,
0 ,
0 ,
0 ,
0 ,
0 ,
0 ,
0 ,
0 ,
0 ,
0 ,
0 ,
0 ,
0 ,
0 ,
0 ,
0 ,
0 ,
0 ,
0 ,
0 ,
0 ,
0 ,
0 ,
0 ,
0 ,
0 ,
0 ,
0 ,
0 ,
0 ,
0 ,
0 ,
0 ,
0 ,
0 ,
0 ,
0 ,
0 ,
0 ,
0 ,
0 ,
0 ,
0 ,
0 ,
0 ,
0 ,
0 ,
0 ,
0 ,
0 ,
0 ,
0 ,
0 ,
0 ,
0 ,
0 ,
0 ,
0 ,
0 ,
0 ,
0 ,
0 ,
0 ,
0 ,
0 ,
0 ,
0 ,
0 ,
0 ,
0 ,
0 ,
0 ,
0 ,
0 ,
0 ,
0 ,
0 ,
0 ,
0 ,
0 ,
0 ,
0 ,
0 ,
0 ,
0 ,
0 ,
0 ,
0 ,
0 ,
0 ,
0 ,
0 ,
0 ,
0 ,
0 ,
0 ,
0 ,
0 ,
0 ,
0 ,
0 ,
0 ,
0 ,
0 ,
0 ,
0 ,
0 ,
0 ,
0 ,
0 ,
0 ,
0 ,
0 ,
0 ,
0 ,
0 ,
0 ,
0 ,
0 ,
0 ,
0 ,
0 ,
0 ,
0 ,
0 ,
0 ,
0 ,
0 ,
0 ,
0 ,
0 ,
0 ,
0 ,
0 ,
0 ,
0 ,
0 ,
0 ,
0 ,
0 ,
0 ,
0 ,
0 ,
0 ,
0 ,
0 ,
0 ,
0 ,
0 ,
0 ,
0 ,
0 ,
0 ,
0 ,
0 ,
0 ,
0 ,
0 ,
0 ,
0 ,
0 ,
0 ,
0 ,
0 ,
0 ,
0 ,
0 ,
0 ,
0 ,
0 ,
0 ,
0 ,
0 ,
0 ,
0 ,
0 ,
0 ,
0 ,
0 ,
0 ,
0 ,
0 ,
0 ,
0 ,
0 ,
0 ,
0 ,
0 ,
0 ,
0 ,
0 ,
0 ,
0 ,
0 ,
0 ,
0 ,
0 ,
0 ,
0 ,
0 ,
0 ,
0 ,
0 ,
0 ,
0 ,
0 ,
0 ,
0 ,
0 ,
0 ,
0 ,
0 ,
0 ,
0 ,
0 ,
0 ,
0 ,
0 ,
0 ,
0 ,
0 ,
0 ,
0 ,
0 ,
0 ,
0 ,
0 ,
0 ,
0 ,
0 ,
0 ,
0 ,
0 ,
0 ,
0 ,
0 ,
0 ,
0 ,
0 ,
0 ,
0 ,
0 ,
0 ,
0 ,
0 ,
0 ,
0 ,
0 ,
0 ,
0 ,
0 ,
0 ,
0 ,
0 ,
0 ,
0 ,
0 ,
0 ,
0 ,
0 ,
0 ,
0 ,
0 ,
0 ,
0 ,
0 ,
0 ,
0 ,
0 ,
0 ,
0 ,
0 ,
0 ,
0 ,
0 ,
0 ,
0 ,
0 ,
0 ,
0 ,
0 ,
0 ,
0 ,
0 ,
0 ,
0 ,
0 ,
0 ,
0 ,
0 ,
0 ,
0 ,
0 ,
0 ,
0 ,
0 ,
0 ,
0 ,
0 ,
0 ,
0 ,
0 ,
0 ,
0 ,
0 ,
0 ,
0 ,
0 ,
0 ,
0 ,
0 ,
0 ,
0 ,
0 ,
0 ,
0 ,
0 ,
0 ,
0 ,
0 ,
0 ,
0 ,
0 ,
0 ,
0 ,
0 ,
0 ,
0 ,
0 ,
0 ,
0 ,
0 ,
0 ,
0 ,
0 ,
0 ,
0 ,
0 ,
0 ,
0 ,
0 ,
0 ,
0 ,
0 ,
0 ,
0 ,
0 ,
0 ,
0 ,
0 ,
0 ,
0 ,
0 ,
0 ,
0 ,
0 ,
0 ,
0 ,
0 ,
0 ,
0 ,
0 ,
0 ,
0 ,
0 ,
0 ,
0 ,
0 ,
0 ,
0 ,
0 ,
0 ,
0 ,
0 ,
0 ,
0 ,
0 ,
0 ,
0 ,
0 ,
0 ,
0 ,
0 ,
0 ,
0 ,
0 ,
0 ,
0 ,
0 ,
0 ,
0 ,
0 ,
0 ,
0 ,
0 ,
0 ,
0 ,
0 ,
0 ,
0 ,
0 ,
0 ,
0 ,
0 ,
0 ,
0 ,
0 ,
0 ,
0 ,
0 ,
0 ,
0 ,
0 ,
0 ,
0 ,
0 ,
0 ,
0 ,
0 ,
0 ,
0 ,
0 ,
0 ,
0 ,
0 ,
0 ,
0 ,
0 ,
0 ,
0 ,
0 ,
0 ,
0 ,
0 ,
0 ,
0 ,
0 ,
0 ,
0 ,
0 ,
0 ,
0 ,
0 ,
0 ,
0 ,
0 ,
0 ,
0 ,
0 ,
0 ,
0 ,
0 ,
0 ,
0 ,
0 ,
0 ,
0 ,
0 ,
0 ,
0 ,
0 ,
0 ,
0 ,
0 ,
0 ,
0 ,
0 ,
0 ,
0 ,
0 ,
0 ,
0 ,
0 ,
0 ,
0 ,
0 ,
0 ,
0 ,
0 ,
0 ,
0 ,
0 ,
0 ,
0 ,
0 ,
0 ,
0 ,
0 ,
0 ,
0 ,
0 ,
0 ,
0 ,
0 ,
0 ,
0 ,
0 ,
0 ,
0 ,
0 ,
0 ,
0 ,
0 ,
0 ,
0 ,
0 ,
0 ,
0 ,
0 ,
0 ,
0 ,
0 ,
0 ,
0 ,
0 ,
0 ,
0 ,
0 ,
0 ,
0 ,
0 ,
0 ,
0 ,
0 ,
0 ,
0 ,
0 ,
0 ,
0 ,
0 ,
0 ,
0 ,
0 ,
0 ,
0 ,
0 ,
0 ,
0 ,
0 ,
0 ,
0 ,
0 ,
0 ,
0 ,
0 ,
0 ,
0 ,
0 ,
0 ,
0 ,
0 ,
0 ,
0 ,
0 ,
0 ,
0 ,
0 ,
0 }
